52.4305	16.7838	640
52.4341	16.7658	838
52.4377	16.7471	1036
52.4408	16.7285	1189
52.4351	16.7056	1280
52.4187	16.6962	1433
52.3968	16.7046	1631
52.3782	16.7166	1859
52.3473	16.7329	2355
52.3182	16.7449	2736
52.2616	16.7672	3216
52.2185	16.7854	3467
52.1731	16.8047	3947
52.1245	16.8250	4351
52.0763	16.8448	4740
52.0256	16.8653	5197
51.9758	16.8856	5707
51.9266	16.9059	6233
51.8786	16.9254	6637
51.8325	16.9440	6927
51.7821	16.9644	7216
51.7331	16.9843	7498
51.7052	16.9959	7666
51.6632	17.0215	7917
51.6345	17.0490	8100
51.6034	17.0918	8268
51.5627	17.1520	8496
51.5213	17.2114	8687
51.4776	17.2732	8870
51.4331	17.3359	9068
51.3873	17.4010	9266
51.3434	17.4633	9510
51.2977	17.5277	9746
51.2537	17.5896	9997
51.2113	17.6491	10218
51.1678	17.7101	10417
51.1224	17.7737	10607
51.0793	17.8339	10775
51.0364	17.8935	10874
50.9921	17.9551	10988
50.9461	18.0191	11102
50.9020	18.0800	11163
50.8565	18.1430	11224
50.8107	18.2062	11278
50.7622	18.2723	11278
50.7147	18.3371	11285
50.6702	18.3986	11278
50.6244	18.4635	11278
50.5798	18.5261	11278
50.5335	18.5902	11278
50.4861	18.6504	11278
50.4384	18.7119	11278
50.3860	18.7816	11278
50.3412	18.8413	11278
50.2923	18.9068	11278
50.2501	18.9630	11278
50.2029	19.0255	11278
50.1566	19.0863	11278
50.1115	19.1460	11278
50.0636	19.2095	11278
50.0158	19.2722	11278
49.9713	19.3305	11278
49.9236	19.3929	11278
49.8824	19.4465	11278
49.8310	19.5129	11278
49.7819	19.5766	11278
49.7373	19.6343	11278
49.6915	19.6934	11278
49.6441	19.7544	11278
49.5975	19.8142	11278
49.5535	19.8709	11278
49.5048	19.9333	11278
49.4581	19.9924	11278
49.4113	20.0517	11278
49.3806	20.0903	11278
49.3085	20.1651	11278
49.2592	20.2151	11278
49.2085	20.2669	11278
49.1593	20.3171	11278
49.1074	20.3697	11278
49.0562	20.4213	11278
49.0050	20.4730	11278
48.9545	20.5237	11278
48.9035	20.5746	11278
48.8511	20.6272	11278
48.8023	20.6758	11278
48.7490	20.7287	11278
48.6977	20.7801	11278
48.6484	20.8292	11278
48.5975	20.8795	11278
48.5440	20.9322	11278
48.4915	20.9838	11278
48.4398	21.0345	11278
48.3913	21.0819	11278
48.3344	21.1375	11278
48.2827	21.1877	11278
48.2286	21.2403	11278
48.1776	21.2898	11278
48.1260	21.3397	11278
48.0727	21.3912	11278
48.0207	21.4412	11278
47.9689	21.4909	11278
47.9160	21.5417	11278
47.8633	21.5920	11278
47.8124	21.6405	11278
47.7589	21.6914	11278
47.7071	21.7404	11278
47.6562	21.7884	11278
47.6040	21.8375	11278
47.5517	21.8867	11278
47.4977	21.9378	11278
47.4441	21.9881	11278
47.3926	22.0358	11278
47.3397	22.0843	11278
47.2888	22.1309	11278
47.2386	22.1765	11278
47.1847	22.2258	11278
47.1304	22.2754	11278
47.0779	22.3232	11278
47.0255	22.3706	11278
46.9739	22.4171	11278
46.9227	22.4632	11278
46.8702	22.5105	11278
46.8203	22.5554	11278
46.7694	22.6010	11278
46.7171	22.6477	11278
46.6599	22.6986	11369
46.6101	22.7431	11506
46.5593	22.7882	11582
46.5079	22.8339	11666
46.4574	22.8784	11735
46.4046	22.9246	11788
46.3488	22.9734	11841
46.2994	23.0168	11895
46.2460	23.0637	11887
46.1939	23.1093	11887
46.1402	23.1562	11887
46.0885	23.2009	11887
46.0346	23.2478	11887
45.9830	23.2924	11887
45.9316	23.3369	11887
45.8795	23.3821	11887
45.8278	23.4268	11887
45.7747	23.4721	11887
45.7245	23.5149	11887
45.6733	23.5588	11887
45.6201	23.6041	11887
45.5673	23.6489	11887
45.5143	23.6937	11887
45.4586	23.7408	11887
45.4058	23.7855	11887
45.3514	23.8315	11895
45.2992	23.8756	11887
45.2481	23.9185	11887
45.1925	23.9647	11887
45.1387	24.0095	11887
45.0852	24.0540	11887
45.0329	24.0975	11887
44.9798	24.1419	11887
44.9270	24.1859	11887
44.8732	24.2306	11887
44.8203	24.2740	11887
44.7670	24.3176	11887
44.7139	24.3611	11887
44.6604	24.4050	11887
44.6073	24.4483	11887
44.5548	24.4909	11887
44.5024	24.5337	11887
44.4502	24.5765	11887
44.3967	24.6202	11887
44.3440	24.6628	11887
44.2924	24.7043	11887
44.2391	24.7470	11887
44.1863	24.7893	11887
44.1351	24.8306	11887
44.0825	24.8725	11887
44.0296	24.9146	11887
43.9771	24.9564	11887
43.9246	24.9984	11887
43.8735	25.0393	11887
43.8212	25.0809	11887
43.7692	25.1219	11887
43.7150	25.1646	11887
43.6615	25.2065	11887
43.6079	25.2487	11887
43.5543	25.2906	11887
43.5011	25.3324	11887
43.4473	25.3746	11887
43.3953	25.4152	11887
43.3411	25.4573	11887
43.2888	25.4977	11887
43.2359	25.5386	11887
43.1859	25.5773	11887
43.1316	25.6193	11887
43.0800	25.6591	11887
43.0247	25.7018	11887
42.9714	25.7428	11887
42.9190	25.7829	11887
42.8647	25.8244	11887
42.8125	25.8641	11887
42.7589	25.9046	11887
42.7061	25.9445	11887
42.6538	25.9844	11887
42.5994	26.0257	11887
42.5502	26.0627	11887
42.4962	26.1033	11887
42.4415	26.1447	11887
42.3876	26.1853	11887
42.3366	26.2232	11887
42.2824	26.2636	11887
42.2283	26.3040	11887
42.1756	26.3433	11887
42.1174	26.3868	11887
42.0673	26.4240	11887
42.0138	26.4636	11887
41.9596	26.5034	11887
41.9065	26.5425	11887
41.8699	26.5706	11887
41.8176	26.6193	11887
41.7478	26.6852	11887
41.6982	26.7319	11887
41.6494	26.7782	11887
41.5995	26.8255	11887
41.5495	26.8726	11887
41.4999	26.9189	11887
41.4494	26.9658	11887
41.4018	27.0101	11887
41.3525	27.0559	11887
41.3008	27.1037	11887
41.2513	27.1493	11887
41.2022	27.1950	11887
41.1531	27.2405	11887
41.1002	27.2894	11887
41.0494	27.3361	11887
40.9997	27.3816	11887
40.9491	27.4272	11887
40.8853	27.4761	11887
40.8308	27.5176	11887
40.7754	27.5596	11887
40.7232	27.5991	11887
40.6666	27.6419	11887
40.6133	27.6819	11887
40.5600	27.7219	11887
40.5074	27.7611	11887
40.4545	27.8007	11887
40.4026	27.8398	11887
40.3519	27.8778	11887
40.2996	27.9169	11887
40.2465	27.9565	11887
40.1944	27.9952	11887
40.1397	28.0358	11887
40.0867	28.0749	11887
40.0349	28.1130	11887
39.9814	28.1524	11887
39.9295	28.1907	11887
39.8757	28.2298	11887
39.8218	28.2689	11887
39.7669	28.3089	11887
39.7148	28.3467	11887
39.6624	28.3846	11887
39.6070	28.4247	11887
39.5548	28.4625	11887
39.5022	28.5001	11887
39.4494	28.5381	11895
39.3878	28.5823	11887
39.3293	28.6243	11887
39.2754	28.6629	11887
39.2221	28.7007	11887
39.1713	28.7368	11887
39.1174	28.7752	11887
39.0649	28.8128	11887
39.0126	28.8500	11887
38.9590	28.8881	11887
38.9080	28.9239	11895
38.8562	28.9608	11887
38.8027	28.9988	11887
38.7503	29.0358	11887
38.6977	29.0731	11887
38.6450	29.1102	11887
38.5929	29.1467	11887
38.5410	29.1832	11887
38.4861	29.2217	11887
38.4322	29.2595	11887
38.3812	29.2949	11887
38.3271	29.3325	11758
38.2768	29.3679	11605
38.2224	29.4060	11392
38.1741	29.4396	11049
38.1235	29.4744	10729
38.0749	29.5077	10424
38.0259	29.5415	10119
37.9785	29.5741	9837
37.9321	29.6063	9571
37.8893	29.6361	9296
37.8433	29.6678	9022
37.8086	29.6921	8710
37.7830	29.7152	8527
37.7631	29.7381	8367
37.7276	29.7829	8070
37.6895	29.8309	7719
37.6513	29.8793	7361
37.6173	29.9202	7079
37.5822	29.9599	6805
37.5471	30.0002	6538
37.5135	30.0391	6287
37.4786	30.0796	6027
37.4458	30.1178	5745
37.4085	30.1609	5448
37.3751	30.1992	5014
37.3352	30.2454	4663
37.3017	30.2839	4412
37.2668	30.3240	4138
37.2338	30.3616	3879
37.2016	30.3986	3642
37.1700	30.4347	3452
37.1313	30.4754	3315
37.0981	30.5069	3170
37.0763	30.5272	2934
37.0425	30.5595	2751
37.0112	30.5890	2598
36.9821	30.6173	2393
36.9547	30.6438	2187
36.9305	30.6658	1981
36.9120	30.6689	1875
36.8938	30.6659	1791
36.8758	30.6640	1707
36.8601	30.6620	1600
36.8287	30.6579	1410
36.7989	30.6535	1158
36.7729	30.6509	869
36.7585	30.6568	754
36.7482	30.6745	671
36.7458	30.7037	556
36.7436	30.7363	480
36.7484	30.7537	442
36.7631	30.7686	419
36.7778	30.7757	419
36.7941	30.7784	427
36.8097	30.7802	427
36.8348	30.7836	343
36.8382	30.7841	365
36.8900	30.7913	15
